dataset size: 1000
66        60        36        32        4         
43        8         18        7         39        
27        22        63        60        43        
85        20        86        17        5         
52        67        26        38        35        
80        78        59        60        75        
31        76        54        55        48        
23        1         59        3         13        
22        77        6         16        47        
32        44        22        4         27        
75        18        56        16        12        
41        2         29        6         53        
19        44        25        66        58        
11        44        17        7         34        
22        58        78        34        29        
67        11        61        58        41        
13        5         0         9         26        
44        34        78        13        80        
38        35        14        80        90        
75        80        17        31        40        
11        30        25        42        32        
63        85        80        55        17        
28        52        22        19        88        
13        3         7         49        62        
17        80        30        2         44        
75        37        89        17        20        
62        56        61        55        5         
40        55        45        62        38        
2         4         76        9         64        
56        77        56        48        60        
40        56        78        11        21        
23        58        61        50        63        
83        84        22        3         8         
45        84        4         35        53        
54        8         33        25        23        
8         36        29        54        1         
22        76        54        54        18        
46        34        16        66        90        
84        12        23        30        66        
56        55        50        60        15        
58        18        46        66        33        
19        4         24        29        63        
24        28        8         63        48        
32        26        67        11        16        
47        25        14        3         9         
8         81        21        78        65        
29        66        27        5         26        
0         45        75        13        55        
16        28        17        59        68        
38        3         46        16        42        
53        18        48        11        53        
60        55        10        46        17        
26        39        68        38        61        
10        61        40        10        19        
78        58        45        48        10        
6         12        90        88        20        
65        47        81        79        90        
38        0         59        3         56        
41        2         81        15        26        
56        68        9         19        67        
81        41        37        7         10        
57        59        93        43        50        
64        45        29        60        48        
32        17        95        79        44        
62        44        59        30        0         
28        21        26        49        1         
35        2         39        18        44        
22        80        85        8         40        
3         33        38        8         17        
21        16        40        22        59        
44        16        10        110       41        
64        16        63        68        12        
54        43        40        14        38        
67        28        16        12        87        
39        85        82        5         19        
7         23        10        36        9         
38        68        25        27        15        
64        61        56        51        67        
50        51        62        55        30        
6         24        68        13        48        
22        19        13        58        44        
69        51        22        8         11        
62        54        46        48        17        
63        62        26        15        8         
36        21        80        87        53        
19        14        31        20        35        
20        14        45        15        56        
47        39        77        22        19        
45        27        18        38        76        
79        54        63        45        60        
22        55        29        54        8         
62        18        32        56        42        
50        75        12        23        32        
75        20        26        66        80        
56        9         9         18        78        
35        69        13        42        85        
64        63        51        35        62        
26        55        83        15        53        
69        33        37        49        79        
75        52        27        16        28        
6         50        38        60        65        
58        48        7         59        37        
61        25        38        52        56        
8         61        3         21        68        
48        54        59        6         17        
14        53        14        14        27        
18        27        17        44        21        
7         44        89        28        51        
0         59        11        13        42        
80        15        61        61        32        
53        64        55        36        63        
85        78        78        29        49        
58        77        31        5         29        
5         47        6         21        26        
84        66        49        59        16        
45        53        20        56        21        
50        44        16        41        26        
59        55        5         40        80        
6         38        28        40        59        
23        21        1         52        11        
49        2         35        27        62        
26        3         23        40        38        
36        69        76        34        26        
32        26        42        13        105       
58        1         4         79        31        
64        39        61        61        55        
2         49        4         59        37        
79        67        8         29        11        
24        5         24        30        29        
28        31        25        7         27        
85        27        6         29        5         
39        1         38        8         30        
13        21        31        50        55        
84        54        78        29        45        
2         29        38        69        48        
64        32        43        89        31        
80        65        27        12        15        
30        41        22        35        94        
38        58        38        46        67        
30        43        12        13        18        
52        42        0         51        12        
65        30        61        28        54        
67        44        29        8         28        
66        69        52        2         33        
59        42        30        19        8         
36        23        22        13        67        
0         5         36        38        47        
38        3         11        11        15        
45        86        36        38        65        
33        10        18        10        62        
69        33        55        59        59        
22        68        52        35        29        
62        57        42        20        23        
53        46        11        63        20        
38        79        44        19        30        
65        13        76        64        49        
24        23        1         41        77        
38        68        21        44        0         
8         8         54        47        65        
6         12        67        4         64        
50        42        23        20        1         
19        39        62        57        89        
12        57        31        48        66        
80        76        60        12        11        
1         25        6         37        44        
75        14        36        8         12        
8         25        41        26        43        
82        57        23        59        68        
45        53        60        22        23        
19        20        39        67        43        
26        66        46        24        69        
55        63        49        0         75        
46        27        44        1         69        
44        37        30        51        18        
7         34        15        25        54        
16        24        26        68        39        
19        82        12        30        48        
69        34        38        57        33        
42        20        43        2         64        
44        5         47        83        2         
42        43        15        44        33        
80        81        82        38        29        
6         10        10        22        52        
46        79        49        15        65        
66        2         67        31        57        
30        13        53        13        52        
24        20        9         61        3         
64        16        50        83        20        
34        58        35        26        36        
56        37        22        13        46        
7         44        85        82        61        
42        62        45        44        64        
46        7         82        31        10        
41        9         51        20        22        
45        27        57        37        14        
26        25        2         53        64        
12        16        54        80        14        
61        18        35        6         59        
32        60        28        61        89        
67        0         21        39        62        
