dataset size: 5000
47        55        8         53        54        
47        48        12        2         22        
70        74        34        44        31        
60        0         32        5         49        
11        69        16        33        11        
38        74        64        21        71        
73        26        28        30        53        
25        83        31        42        10        
57        15        46        45        17        
40        16        43        24        60        
62        70        64        4         58        
3         45        69        39        20        
59        52        25        23        53        
3         57        34        10        60        
65        72        68        64        44        
53        47        38        50        5         
73        47        49        58        39        
37        68        76        47        26        
2         66        45        65        94        
48        16        83        54        69        
12        33        4         7         5         
66        43        43        6         61        
29        46        49        62        8         
95        51        64        41        57        
38        59        18        26        79        
58        66        37        24        59        
76        48        62        43        24        
67        2         35        11        16        
32        53        40        39        17        
45        1         58        20        17        
4         15        77        60        61        
30        21        7         12        15        
56        78        20        33        0         
38        68        29        21        11        
64        36        19        13        78        
62        14        15        32        8         
36        58        24        35        34        
7         28        22        56        26        
28        5         71        40        33        
23        84        0         7         83        
80        14        15        59        67        
2         62        40        1         69        
66        26        76        24        59        
41        68        65        8         17        
12        22        32        19        68        
46        10        3         11        1         
50        64        69        74        69        
55        47        2         26        57        
22        75        69        83        9         
75        5         19        21        28        
40        48        17        11        64        
53        23        61        6         46        
14        70        31        29        41        
21        61        69        60        4         
65        16        19        7         20        
10        7         72        69        32        
31        44        70        24        74        
3         29        28        15        29        
42        19        27        70        18        
75        63        47        40        4         
16        6         25        21        65        
43        45        36        33        47        
14        41        43        37        51        
50        37        35        57        31        
37        5         14        59        0         
28        74        61        25        69        
12        34        75        45        72        
8         4         37        61        5         
57        16        42        35        25        
43        59        40        21        56        
30        41        74        88        23        
17        72        59        68        20        
56        30        19        30        75        
65        13        23        56        40        
39        77        48        30        83        
52        11        38        38        61        
66        65        44        21        71        
6         9         79        35        67        
17        26        31        47        27        
45        0         11        8         53        
13        50        49        61        18        
72        28        76        67        30        
10        5         22        39        79        
16        37        57        37        19        
14        5         68        8         9         
16        38        45        40        28        
11        38        8         51        76        
74        45        77        41        28        
67        27        34        50        27        
20        16        39        50        4         
39        38        68        75        24        
24        11        7         59        70        
37        52        71        61        23        
65        73        53        75        51        
46        14        17        66        87        
44        3         90        13        3         
54        34        64        18        35        
5         62        39        71        54        
17        18        38        61        16        
67        21        17        75        37        
17        72        45        43        69        
17        10        72        41        61        
49        62        10        6         30        
17        69        14        16        57        
2         33        64        31        16        
14        53        42        73        17        
83        40        72        44        12        
61        25        32        72        46        
50        74        67        58        58        
26        7         68        69        73        
19        19        21        4         2         
80        6         40        37        73        
68        74        60        43        58        
16        30        11        67        42        
5         51        68        55        10        
34        25        56        51        44        
40        28        48        4         29        
83        19        18        35        46        
71        22        35        21        56        
2         3         35        61        6         
10        56        78        47        18        
22        47        16        17        26        
34        82        49        21        22        
53        60        76        70        24        
36        16        32        49        60        
69        24        69        23        32        
74        17        68        80        33        
72        4         63        37        38        
10        6         12        73        66        
16        50        75        67        2         
40        52        66        2         2         
2         48        61        4         8         
35        22        51        6         30        
48        36        8         11        9         
45        37        68        64        65        
50        7         36        55        65        
24        19        31        70        78        
75        55        0         21        70        
29        11        45        22        9         
20        23        64        27        35        
7         76        3         0         36        
6         14        70        59        73        
59        20        43        75        54        
7         49        68        58        58        
15        9         47        28        36        
19        62        30        75        64        
18        14        51        37        31        
39        69        28        24        52        
37        27        54        78        64        
59        85        80        1         73        
15        41        19        65        3         
66        18        11        30        54        
35        59        54        32        70        
66        9         32        4         4         
47        34        32        29        42        
62        68        40        4         67        
57        24        13        75        28        
55        68        2         72        67        
4         10        32        7         18        
35        12        43        39        40        
6         52        11        69        59        
58        38        68        35        16        
20        30        55        48        10        
27        35        19        45        49        
56        36        25        32        14        
59        65        39        47        31        
80        36        64        39        57        
48        3         72        69        21        
27        45        30        50        65        
36        30        41        12        41        
9         38        17        66        6         
28        49        8         7         76        
10        6         6         75        31        
74        79        15        24        8         
14        61        8         29        12        
62        31        45        35        29        
78        53        49        65        10        
70        62        36        72        6         
59        27        8         17        53        
6         32        53        14        47        
20        28        16        27        33        
46        28        71        69        38        
67        54        7         68        43        
60        21        25        31        52        
36        55        8         2         23        
25        67        40        12        72        
20        38        34        11        66        
31        8         55        57        43        
44        64        34        23        71        
66        5         15        55        44        
47        49        34        38        11        
5         36        63        52        79        
69        7         57        28        9         
60        58        27        9         44        
31        14        76        43        72        
59        55        89        29        14        
28        38        64        32        67        
85        50        28        50        25        
40        49        18        52        20        
36        23        19        51        36        
62        71        13        70        7         
19        57        58        0         7         
53        54        35        63        26        
21        3         14        39        71        
16        0         24        68        29        
41        51        5         0         25        
89        75        63        36        67        
45        8         42        53        46        
77        16        47        56        74        
12        44        54        31        15        
47        9         6         68        39        
37        47        34        24        30        
24        51        75        31        32        
29        38        72        30        3         
25        30        68        35        52        
66        15        7         11        78        
34        35        64        21        64        
55        72        5         2         23        
56        12        10        63        65        
7         58        43        38        51        
39        16        61        8         40        
60        73        2         54        50        
56        56        83        7         70        
68        46        48        35        27        
31        55        15        34        75        
62        67        2         50        9         
4         6         21        18        31        
46        59        13        46        18        
41        63        12        55        74        
48        60        40        31        66        
21        23        15        56        65        
70        65        31        13        75        
2         65        71        18        8         
14        35        61        36        17        
10        53        47        39        13        
13        56        44        4         46        
78        55        6         54        57        
56        39        65        7         54        
15        74        49        40        40        
62        69        75        60        45        
13        48        69        46        20        
35        42        41        1         73        
13        54        54        0         38        
39        70        2         52        37        
73        58        53        13        17        
69        58        18        60        61        
44        22        22        66        48        
48        68        1         44        63        
13        36        1         63        30        
57        12        70        9         71        
23        13        17        23        17        
40        57        59        21        20        
73        19        67        46        4         
28        73        42        31        23        
74        64        23        59        8         
60        49        25        64        24        
46        48        62        57        68        
11        41        41        80        33        
2         41        78        80        69        
39        33        13        24        52        
59        63        67        59        7         
51        32        7         59        22        
70        9         85        43        17        
31        51        26        23        22        
73        26        50        17        5         
77        66        19        1         5         
62        54        75        28        44        
31        73        69        43        17        
9         10        37        58        33        
60        2         13        72        66        
9         4         22        62        24        
45        72        59        3         59        
59        54        70        26        70        
37        9         35        52        71        
73        52        11        70        20        
68        53        55        43        54        
0         61        2         56        31        
51        13        20        28        34        
55        17        26        0         2         
73        23        31        30        19        
27        18        79        43        69        
14        27        75        58        48        
2         33        3         61        66        
75        2         26        68        35        
14        40        35        13        11        
55        3         49        0         44        
67        5         61        40        52        
42        43        13        78        5         
8         67        25        31        9         
66        49        13        15        62        
66        2         14        53        11        
39        33        12        74        68        
20        50        76        7         26        
69        75        20        74        43        
50        25        52        16        72        
54        38        61        54        50        
16        13        29        28        8         
2         13        25        25        23        
58        28        52        13        76        
14        81        24        55        8         
15        76        62        15        32        
73        50        39        8         65        
4         62        1         16        18        
62        43        17        1         54        
45        27        25        14        29        
25        38        12        47        28        
56        30        8         34        34        
69        10        33        26        4         
26        63        13        33        35        
4         56        19        45        23        
23        12        16        6         2         
59        58        69        4         24        
30        24        76        9         48        
54        48        57        45        14        
75        24        35        51        53        
45        70        58        42        17        
5         58        60        49        66        
78        38        9         6         59        
56        37        45        57        16        
0         3         61        43        32        
56        9         65        75        45        
36        5         48        10        60        
4         23        51        51        20        
64        2         47        28        80        
12        43        4         56        36        
1         51        6         18        7         
49        59        68        22        61        
61        7         21        65        26        
9         40        43        63        65        
76        37        38        51        31        
4         1         58        68        6         
35        90        28        3         57        
54        60        48        74        48        
61        35        10        61        32        
46        12        42        26        31        
19        54        58        53        75        
57        29        71        53        11        
31        55        77        22        38        
64        27        5         62        10        
38        78        27        52        77        
73        85        52        13        48        
19        62        5         59        27        
3         31        15        33        65        
2         59        6         22        63        
36        15        4         49        25        
5         48        27        8         20        
35        43        41        4         69        
4         76        35        43        72        
50        12        66        15        60        
10        36        48        2         60        
4         15        71        64        55        
37        4         61        5         78        
0         55        56        26        24        
20        60        48        50        82        
52        43        20        15        10        
41        33        64        74        65        
74        68        8         35        15        
74        64        8         39        35        
46        8         40        10        28        
60        67        50        36        1         
2         12        61        69        74        
85        69        28        5         31        
39        60        78        68        3         
3         84        56        23        12        
30        62        28        42        40        
0         51        28        6         60        
60        41        49        54        4         
21        17        56        42        5         
48        63        48        43        74        
15        83        40        68        2         
77        53        36        75        39        
43        41        2         61        68        
39        58        51        30        38        
63        25        73        74        52        
11        62        38        15        83        
7         55        45        33        63        
73        49        3         0         52        
30        30        13        24        60        
38        33        58        20        45        
6         54        38        57        12        
68        45        35        20        37        
39        9         45        80        49        
75        71        60        13        36        
30        48        27        4         48        
30        39        45        71        16        
71        69        65        64        0         
61        62        62        19        75        
75        3         13        35        51        
38        47        9         40        46        
53        19        57        49        12        
38        86        0         12        1         
47        38        69        66        22        
6         37        58        68        61        
1         64        42        32        17        
26        55        69        63        65        
35        8         39        34        67        
43        43        15        56        68        
54        59        66        74        45        
59        7         62        28        12        
39        7         60        74        57        
69        51        7         60        71        
75        50        45        45        28        
80        74        53        19        70        
19        1         48        25        5         
30        40        64        44        59        
57        70        27        22        38        
29        47        72        21        34        
67        18        75        14        67        
32        0         21        60        5         
7         35        53        74        47        
47        45        20        55        3         
74        36        54        36        70        
12        25        3         52        50        
59        16        52        42        60        
53        20        17        28        54        
9         65        18        14        45        
17        54        3         59        70        
23        58        14        70        72        
55        64        23        66        30        
80        8         59        72        60        
68        41        74        62        12        
70        38        43        75        21        
25        54        13        72        0         
25        52        62        48        51        
4         7         44        41        70        
13        5         57        15        54        
42        31        29        57        1         
21        21        60        42        11        
64        60        24        10        5         
22        56        34        6         12        
70        21        29        11        30        
14        7         36        20        5         
21        46        80        55        46        
12        63        46        19        36        
83        10        51        42        9         
71        6         65        5         15        
16        12        25        52        14        
22        40        45        55        35        
69        7         45        20        48        
55        12        0         64        23        
14        25        41        51        30        
37        48        63        27        31        
12        31        43        39        70        
18        68        63        3         45        
33        73        38        62        31        
62        15        56        46        33        
68        70        44        80        32        
32        37        22        13        35        
66        61        30        7         62        
12        73        9         19        36        
39        17        56        34        7         
20        0         41        12        44        
63        25        27        36        11        
56        54        39        28        9         
14        38        24        7         1         
41        22        27        23        18        
63        32        54        23        18        
11        68        72        54        34        
69        72        30        68        27        
59        27        2         48        31        
0         39        59        72        5         
46        32        46        11        72        
54        22        40        10        58        
20        79        22        44        22        
58        50        48        1         64        
3         30        70        13        75        
45        46        24        38        41        
62        51        58        5         26        
52        40        66        16        59        
10        72        60        79        42        
18        26        7         54        49        
3         8         29        57        69        
32        37        6         42        22        
49        52        74        63        6         
14        62        37        8         15        
26        49        19        3         19        
70        70        63        9         31        
23        19        58        25        65        
67        18        20        3         5         
39        31        41        61        13        
51        7         73        50        58        
26        77        16        71        53        
23        46        29        69        71        
56        3         67        33        65        
16        10        25        58        4         
68        35        21        40        9         
56        37        63        43        75        
72        57        92        59        27        
30        44        53        18        6         
3         27        14        77        65        
63        11        18        32        64        
74        9         61        57        33        
59        53        69        57        74        
9         17        52        33        40        
4         48        27        13        41        
33        78        2         61        70        
4         61        7         41        56        
57        54        26        49        14        
17        66        41        32        48        
34        13        22        73        11        
76        28        74        34        85        
46        34        29        53        31        
21        15        74        43        26        
44        53        66        13        35        
22        89        79        72        72        
64        74        55        17        48        
63        28        3         77        71        
34        70        74        61        50        
53        62        48        77        69        
62        65        75        46        0         
64        30        16        74        24        
20        64        67        24        58        
10        45        38        38        19        
32        4         75        58        6         
30        38        43        51        72        
35        18        32        12        20        
60        49        14        26        8         
8         57        61        69        80        
51        27        7         69        67        
23        35        34        67        39        
57        39        50        56        87        
4         31        58        27        15        
65        52        45        64        22        
2         63        3         20        49        
57        34        24        72        74        
26        39        48        16        52        
25        64        43        53        33        
18        31        74        33        20        
16        21        28        50        9         
18        3         0         14        49        
29        24        54        19        33        
57        73        18        14        10        
13        51        68        69        41        
37        24        68        32        11        
42        71        21        47        11        
22        65        35        41        26        
52        74        45        80        74        
57        22        38        41        29        
74        63        9         19        24        
52        32        45        41        38        
47        75        31        8         0         
27        47        27        17        20        
52        71        80        2         53        
36        53        80        19        3         
9         51        60        29        49        
67        4         44        66        10        
28        47        40        11        71        
61        58        11        25        22        
20        69        74        45        60        
24        12        64        24        57        
33        45        71        32        33        
13        23        36        43        53        
7         58        24        68        61        
46        69        43        26        22        
63        69        10        39        74        
37        60        12        13        35        
65        3         44        62        24        
40        64        5         43        45        
6         40        12        22        16        
47        73        30        55        10        
23        27        6         76        61        
46        67        43        60        73        
13        54        53        22        84        
70        44        12        69        26        
15        49        11        73        30        
54        46        32        5         37        
5         22        59        70        10        
64        18        8         62        65        
28        66        49        48        50        
43        60        62        11        62        
31        63        55        23        56        
27        10        1         23        65        
11        9         71        56        49        
0         41        1         2         75        
90        73        61        38        31        
58        66        84        27        67        
0         77        19        29        49        
27        48        45        74        15        
34        74        38        17        55        
39        16        48        5         10        
21        13        69        23        1         
55        30        43        38        71        
15        15        11        6         39        
72        4         73        26        74        
19        7         7         38        55        
60        35        24        28        71        
24        9         55        40        10        
67        28        33        42        72        
68        59        32        56        31        
50        29        33        62        59        
35        1         40        33        19        
59        66        73        69        68        
3         49        13        25        23        
43        61        38        36        66        
38        62        41        65        60        
27        4         80        30        18        
50        37        34        7         30        
5         61        69        73        51        
0         10        27        9         53        
74        47        62        9         13        
39        5         10        66        61        
38        52        72        41        43        
68        60        3         73        66        
59        36        49        16        57        
66        10        21        7         39        
7         71        73        44        39        
73        59        21        25        30        
61        75        5         33        67        
39        56        11        32        16        
17        21        22        5         37        
4         19        64        88        0         
12        54        46        76        56        
64        13        50        6         63        
71        21        23        13        39        
8         29        8         84        17        
13        36        27        38        43        
26        29        37        34        59        
11        37        28        58        80        
13        59        49        77        54        
63        26        31        8         40        
15        10        47        30        42        
16        0         43        31        56        
65        60        39        54        55        
22        10        81        18        77        
50        2         22        45        60        
18        36        17        54        59        
55        13        40        55        17        
20        13        79        36        56        
0         47        60        39        40        
25        42        81        19        52        
12        66        63        67        3         
15        40        80        62        15        
64        51        11        61        73        
41        28        40        1         72        
39        42        61        68        3         
32        45        63        30        76        
21        1         25        79        60        
29        58        27        58        80        
23        24        32        2         37        
34        63        13        0         64        
63        46        9         13        23        
71        46        53        84        100       
37        41        51        11        22        
31        32        12        32        37        
19        35        70        24        10        
48        48        69        68        47        
45        60        50        58        38        
40        74        41        46        32        
54        6         26        58        57        
33        13        70        24        40        
65        35        72        17        22        
34        7         13        58        23        
26        4         32        7         22        
37        28        50        50        10        
54        64        41        10        73        
28        30        49        80        56        
3         9         49        12        67        
26        30        55        16        53        
59        52        34        64        70        
53        19        44        35        63        
72        71        13        26        16        
27        19        35        56        54        
13        40        53        30        42        
38        63        70        72        31        
78        56        37        48        27        
44        5         63        41        11        
47        36        64        25        27        
49        24        67        34        46        
72        54        30        36        18        
20        11        75        67        43        
19        42        14        45        56        
7         11        5         48        21        
43        60        12        26        39        
80        68        2         19        47        
25        24        60        75        34        
11        66        69        53        2         
8         21        67        52        60        
40        11        37        39        15        
39        3         18        72        34        
25        8         53        40        45        
36        68        70        38        69        
17        27        12        59        6         
3         26        61        7         44        
11        3         51        30        30        
46        60        78        59        49        
69        26        45        17        0         
74        28        75        2         72        
24        26        60        52        65        
58        33        38        25        44        
1         63        36        45        44        
8         75        72        0         69        
49        19        15        51        84        
11        38        52        60        55        
74        49        41        9         73        
75        29        63        19        33        
54        55        71        24        13        
69        18        62        44        59        
41        72        10        12        39        
54        72        47        13        47        
26        56        73        53        20        
81        36        73        31        15        
2         40        34        59        4         
24        15        10        68        42        
18        75        11        21        64        
12        23        61        54        45        
9         77        21        8         66        
24        68        54        80        33        
28        52        41        13        65        
51        37        48        46        68        
38        13        2         50        30        
75        39        27        23        2         
20        13        78        56        15        
27        43        26        68        17        
52        17        3         8         48        
33        52        74        35        34        
5         49        80        13        33        
26        70        40        20        67        
45        40        58        38        35        
58        27        50        14        55        
37        62        59        64        55        
30        48        13        62        34        
28        30        71        55        25        
63        46        68        31        66        
6         24        68        13        33        
1         4         36        62        40        
68        13        2         73        15        
63        43        2         37        58        
12        46        68        44        66        
57        55        33        0         61        
43        68        9         69        36        
59        16        52        41        68        
25        20        39        31        73        
8         7         55        10        64        
40        43        73        27        56        
28        54        52        16        66        
48        6         74        33        73        
45        11        16        80        28        
6         63        2         9         78        
47        0         4         15        71        
16        32        47        35        69        
36        48        37        19        60        
18        60        53        62        52        
20        67        2         34        4         
75        15        78        75        32        
28        26        37        14        32        
64        25        40        6         13        
27        72        5         10        64        
68        35        59        3         35        
8         7         5         34        46        
34        48        31        12        78        
66        78        35        34        73        
15        74        48        11        19        
57        16        50        70        64        
24        75        28        70        1         
32        49        56        48        57        
24        80        73        29        41        
40        32        6         33        3         
44        26        48        49        20        
34        15        30        42        63        
28        47        13        29        34        
2         62        12        25        34        
3         34        36        48        28        
42        29        51        37        32        
50        61        43        49        11        
56        26        44        41        39        
46        20        9         62        31        
72        19        69        44        58        
62        58        62        31        11        
66        75        35        37        56        
31        70        12        73        72        
50        72        40        60        32        
70        63        27        3         48        
46        59        4         10        33        
58        12        21        12        15        
38        67        75        54        10        
1         2         21        43        81        
37        13        18        13        41        
77        54        40        56        5         
69        80        33        63        52        
58        34        72        3         58        
9         51        67        83        69        
71        37        50        2         57        
65        39        24        5         28        
26        5         29        20        65        
9         35        55        53        40        
2         49        21        74        29        
25        28        49        75        49        
7         69        15        50        56        
72        8         37        1         15        
47        68        56        39        15        
34        23        3         11        13        
0         34        74        85        0         
46        54        57        63        0         
3         34        12        0         53        
51        16        22        15        47        
44        66        32        0         21        
5         2         37        78        58        
36        29        64        19        14        
9         12        55        34        57        
65        19        32        3         21        
34        54        0         48        41        
61        18        19        56        52        
52        55        39        47        49        
16        20        23        58        20        
0         13        9         76        42        
21        26        49        70        45        
44        48        67        12        56        
42        62        56        5         4         
28        50        12        3         39        
68        41        63        30        30        
4         61        38        48        43        
16        58        51        56        0         
6         54        75        80        40        
1         66        18        36        74        
55        49        62        33        83        
12        28        58        31        20        
37        52        78        40        13        
55        54        14        27        46        
7         72        61        27        23        
0         43        55        79        19        
56        12        13        70        59        
26        20        9         31        26        
12        71        75        34        40        
46        43        66        52        38        
7         31        11        61        65        
25        10        38        75        60        
25        22        37        45        58        
31        79        47        55        69        
49        50        8         22        14        
66        65        31        67        13        
42        7         51        6         8         
65        61        58        20        30        
73        52        75        9         47        
19        38        1         66        40        
18        7         49        39        9         
39        64        14        41        43        
13        33        57        9         45        
22        73        7         60        59        
56        15        73        60        66        
66        65        71        80        8         
3         27        4         65        10        
13        69        29        56        12        
20        73        6         12        74        
53        50        29        30        73        
2         50        19        75        17        
46        16        12        27        66        
65        46        50        39        67        
22        60        20        21        59        
46        2         1         47        12        
51        32        52        56        49        
41        46        36        15        24        
51        21        54        21        54        
45        12        49        21        80        
75        29        70        48        36        
25        52        6         65        37        
75        64        8         4         63        
34        0         46        28        22        
13        66        72        6         33        
3         75        32        23        50        
19        0         3         2         16        
61        1         36        14        18        
7         99        66        30        42        
17        43        26        67        47        
3         3         39        74        22        
27        63        18        58        62        
8         16        70        46        25        
70        6         75        20        71        
23        72        7         71        47        
51        24        50        7         59        
53        42        66        24        0         
24        22        12        40        43        
16        75        62        73        6         
44        63        89        37        45        
79        0         68        2         78        
29        67        56        16        39        
44        42        1         40        55        
47        35        8         31        24        
19        63        2         27        55        
21        49        20        68        17        
38        64        25        57        2         
12        67        56        60        45        
48        9         23        68        55        
75        16        58        24        16        
36        64        50        49        40        
43        70        5         41        22        
0         73        45        42        61        
12        48        21        63        41        
34        5         7         70        7         
74        40        64        59        14        
43        31        34        41        71        
51        66        59        12        39        
39        29        40        65        21        
5         36        43        39        61        
48        75        41        37        14        
29        75        45        61        47        
4         14        70        9         35        
20        38        51        12        30        
49        73        5         16        52        
55        38        7         67        41        
14        67        19        58        32        
63        42        40        27        45        
35        51        48        25        61        
1         64        50        3         27        
50        75        29        11        13        
32        34        39        81        27        
68        52        55        1         46        
7         69        29        21        43        
23        64        0         25        50        
31        67        22        63        53        
0         65        56        34        39        
59        0         83        52        39        
59        21        59        24        18        
60        6         43        75        52        
60        54        64        33        60        
9         23        72        59        80        
39        37        15        49        59        
38        2         69        24        61        
4         25        28        67        21        
58        27        1         30        44        
46        53        52        65        21        
31        56        29        14        56        
66        15        65        87        20        
57        18        38        85        22        
40        52        33        79        22        
23        57        26        48        57        
13        48        31        30        76        
19        40        33        33        75        
67        66        15        9         38        
35        31        63        13        37        
36        5         22        61        77        
6         17        5         73        34        
34        17        54        17        26        
30        43        75        68        59        
64        8         79        37        15        
21        72        37        39        42        
65        7         54        32        24        
2         63        32        66        11        
54        40        69        22        21        
56        26        56        0         49        
11        75        4         68        53        
74        46        47        42        67        
18        22        12        0         41        
10        49        15        28        20        
35        23        40        32        57        
43        59        40        24        51        
68        59        57        57        8         
29        73        38        54        68        
5         14        54        5         40        
73        11        13        61        66        
9         44        15        57        72        
46        20        4         16        55        
47        13        48        13        59        
50        11        3         49        2         
8         50        30        46        24        
9         19        36        47        39        
30        38        67        61        73        
19        44        22        47        37        
4         10        78        10        45        
38        31        71        42        41        
66        56        65        46        13        
22        54        75        68        44        
31        41        85        30        15        
49        58        24        62        17        
52        62        42        4         23        
13        30        60        55        8         
49        39        90        24        46        
68        43        5         51        6         
10        52        22        9         10        
38        57        32        38        67        
12        25        47        50        70        
80        7         14        52        27        
12        40        60        41        5         
44        75        25        79        1         
59        56        11        52        2         
34        44        69        0         31        
43        26        25        1         31        
43        25        75        33        56        
33        63        21        7         35        
72        76        15        14        3         
10        4         7         48        26        
48        7         7         28        3         
75        72        3         6         9         
40        55        62        52        59        
65        1         10        48        38        
25        52        46        42        45        
49        71        4         13        60        
28        8         52        51        68        
55        41        26        0         45        
16        1         7         13        6         
42        15        29        45        64        
51        53        53        5         57        
35        22        49        65        35        
71        5         32        40        43        
56        30        25        58        53        
22        26        19        35        42        
37        0         70        43        6         
9         19        30        73        56        
65        60        37        36        34        
6         60        67        70        60        
53        37        42        21        30        
